157726338
159419950
154900629
171735049
115278293
184953528
130597635
135154422
137244144
107951983
118319515
110299820
185705404
119847541
128175447
190400306
206111317
128173429
123303665
132845294
157726338
159419950
154900629
171735049
115278293
184953528
130597635
135154422
137244144
107951983
118319515
110299820
185705404
119847541
128175447
190400306
206111317
128173429
123303665
132845294
157726338
159419950
154900629
171735049
115278293
184953528
130597635
135154422
137244144
107951983
118319515
110299820
185705404
119847541
128175447
190400306
206111317
128173429
123303665
132845294
157726338
159419950
154900629
171735049
115278293
184953528
130597635
135154422
137244144
107951983
118319515
110299820
185705404
119847541
128175447
190400306
206111317
128173429
123303665
132845294
