153876640
175262169
157589597
248730845
171525382
300290289
212497267
215987547
258224769
144359075
227150468
199678101
176291139
206587704
169526938
2037279092
191031826
1879048192
205976508
1879048192
153876640
175262169
157589597
248730845
171525382
300290289
212497267
215987547
258224769
144359075
227150468
199678101
176291139
206587704
169526938
197264293
191031826
182121944
205976508
187933198
153876640
175262169
157589597
248730845
171525382
300290289
212497267
215987547
258224769
144359075
227150468
199678101
176291139
206587704
169526938
2037279092
191031826
182121944
205976508
187933198
153876640
175262169
157589597
248730845
171525382
300290289
212497267
215987547
258224769
144359075
227150468
199678101
176291139
206587704
169526938
805306368
191031826
805306368
205976508
805306368
