150864436
108871198
92882154
89958700
120648912
94830065
78373138
97465002
137046394
72834608
115185661
82322815
80419940
106967415
115582991
83513020
103565252
73437075
86761463
79921061
150864436
108871198
92882154
89958700
120648912
94830065
78373138
97465002
137046394
72834608
115185661
82322815
80419940
106967415
115582991
83513020
103565252
73437075
86761463
79921061
150864436
108871198
92882154
89958700
120648912
94830065
78373138
97465002
137046394
72834608
115185661
82322815
80419940
106967415
115582991
83513020
103565252
73437075
86761463
79921061
150864436
108871198
92882154
89958700
120648912
94830065
78373138
97465002
137046394
72834608
115185661
82322815
80419940
106967415
115582991
83513020
103565252
73437075
86761463
79921061
