23794929
24400449
20886392
19236693
23058947
31257855
22667965
29550893
19905897
23800503
31715229
21964718
17260405
19669538
19213025
21987058
21870727
19358110
22054889
30242570
23794929
24400449
20886392
19236693
23058947
31257855
22667965
29550893
19905897
23800503
31715229
21964718
17260405
19669538
19213025
21987058
21870727
19358110
22054889
30242570
23794929
24400449
20886392
19236693
23058947
31257855
22667965
29550893
19905897
23800503
31715229
21964718
17260405
19669538
19213025
21987058
21870727
19358110
22054889
30242570
23794929
24400449
20886392
19236693
23058947
31257855
22667965
29550893
19905897
23800503
31715229
21964718
17260405
19669538
19213025
21987058
21870727
19358110
22054889
30242570
