47890030
30948233
35440134
42301754
40109864
39966429
42142554
30848864
51666107
50105106
32056696
44612524
65104343
33405067
41363032
50638626
52006356
46827587
47412936
31931919
47890030
30948233
35440134
42301754
40109864
39966429
42142554
30848864
51666107
50105106
32056696
44612524
65104343
33405067
41363032
50638626
52006356
46827587
47412936
31931919
47890030
30948233
35440134
42301754
40109864
39966429
42142554
30848864
51666107
50105106
32056696
44612524
65104343
33405067
41363032
50638626
52006356
46827587
47412936
31931919
47890030
30948233
35440134
42301754
40109864
39966429
42142554
30848864
51666107
50105106
32056696
44612524
65104343
33405067
41363032
50638626
52006356
46827587
47412936
31931919
