38684440
46108920
51604412
48258096
45356607
53746441
44599684
57134736
50769472
53467126
55822378
60819390
60178281
42182962
38364023
55454919
51890267
55820035
61074429
56763114
38684440
46108920
51604412
48258096
45356607
53746441
44599684
57134736
50769472
53467126
55822378
60819390
60178281
42182962
38364023
55454919
51890267
55820035
61074429
56763114
38684440
46108920
51604412
48258096
45356607
53746441
44599684
57134736
50769472
53467126
55822378
60819390
60178281
42182962
38364023
55454919
51890267
55820035
61074429
56763114
38684440
46108920
51604412
48258096
45356607
53746441
44599684
57134736
50769472
53467126
55822378
60819390
60178281
42182962
38364023
55454919
51890267
55820035
61074429
56763114
