61506592
50750612
68066950
68151096
56266921
75295142
51078078
67663126
56310809
55156683
69523509
51268316
58414632
58047669
80893479
67710304
73195002
75534725
71995585
53376765
61506592
50750612
68066950
68151096
56266921
75295142
51078078
67663126
56310809
55156683
69523509
51268316
58414632
58047669
80893479
67710304
73195002
75534725
71995585
53376765
61506592
50750612
68066950
68151096
56266921
75295142
51078078
67663126
56310809
55156683
69523509
51268316
58414632
58047669
80893479
67710304
73195002
75534725
71995585
53376765
61506592
50750612
68066950
68151096
56266921
75295142
51078078
67663126
56310809
55156683
69523509
51268316
58414632
58047669
80893479
67710304
73195002
75534725
71995585
53376765
