19485195
18088831
19898630
22680991
20764164
14513512
18060801
16300997
19701477
16577051
20312899
20439084
15153145
23202198
18570456
18299714
20052280
21129036
21437235
15726373
19485195
18088831
19898630
22680991
20764164
14513512
18060801
16300997
19701477
16577051
20312899
20439084
15153145
23202198
18570456
18299714
20052280
21129036
21437235
15726373
19485195
18088831
19898630
22680991
20764164
14513512
18060801
16300997
19701477
16577051
20312899
20439084
15153145
23202198
18570456
18299714
20052280
21129036
21437235
15726373
19485195
18088831
19898630
22680991
20764164
14513512
18060801
16300997
19701477
16577051
20312899
20439084
15153145
23202198
18570456
18299714
20052280
21129036
21437235
15726373
